0 0.8025 0.285 0.231667 0.0325
0 0.791667 0.19125 0.216667 0.035
0 0.500833 0.330625 0.275 0.03625
0 0.1675 0.279375 0.271667 0.03375
0 0.805833 0.14625 0.258333 0.03
0 0.498333 0.37875 0.28 0.035
0 0.826667 0.4275 0.26 0.04
0 0.493333 0.1425 0.263333 0.0325
0 0.155833 0.52875 0.281667 0.0375
0 0.166667 0.233125 0.256667 0.03375
0 0.496667 0.479375 0.276667 0.03875
0 0.158333 0.42875 0.27 0.0375
0 0.1825 0.136875 0.278333 0.03125
0 0.175833 0.18375 0.275 0.035
0 0.821667 0.3775 0.26 0.0375
0 0.499167 0.281875 0.275 0.03625
0 0.159167 0.38 0.268333 0.0375
0 0.161667 0.330625 0.263333 0.03625
0 0.489167 0.23375 0.255 0.0325
0 0.1575 0.48 0.278333 0.04
0 0.825 0.3325 0.273333 0.035
0 0.489167 0.53125 0.251667 0.035
0 0.150833 0.5825 0.275 0.04
0 0.4975 0.58125 0.278333 0.0425
0 0.4875 0.430625 0.258333 0.03625
0 0.816667 0.2375 0.263333 0.03
0 0.840833 0.480625 0.285 0.03875
0 0.841667 0.53125 0.283333 0.0375
0 0.841667 0.583125 0.286667 0.03625
0 0.494167 0.188125 0.258333 0.03125
