0 0.176667 0.358125 0.24 0.05625
0 0.8325 0.47625 0.265 0.04
0 0.831667 0.526875 0.256667 0.03625
0 0.83 0.426875 0.263333 0.03625
0 0.171667 0.386875 0.246667 0.03875
0 0.83 0.6375 0.246667 0.04
0 0.16 0.2375 0.22 0.0375
0 0.833333 0.580625 0.253333 0.04125
0 0.17 0.433125 0.243333 0.03375
0 0.4725 0.185625 0.201667 0.03625
0 0.169167 0.53375 0.251667 0.0375
0 0.4925 0.6375 0.255 0.0425
0 0.170833 0.58375 0.261667 0.0375
0 0.163333 0.48125 0.236667 0.04
0 0.170833 0.63875 0.261667 0.0425
0 0.473333 0.23375 0.2 0.035
0 0.810833 0.374375 0.231667 0.04125
0 0.495 0.5825 0.253333 0.0375
0 0.493333 0.530625 0.25 0.04125
0 0.175 0.33875 0.24 0.0375
0 0.170833 0.1925 0.245 0.0375
0 0.8075 0.3275 0.225 0.0375
0 0.168333 0.286875 0.226667 0.04125
0 0.499167 0.381875 0.255 0.03875
0 0.495833 0.479375 0.248333 0.03875
0 0.816667 0.17625 0.246667 0.0375
0 0.4925 0.333125 0.241667 0.03375
0 0.485833 0.283125 0.231667 0.03375
0 0.498333 0.430625 0.25 0.03625
0 0.809167 0.278125 0.225 0.03375
0 0.82 0.22625 0.25 0.035
