0 0.191667 0.411875 0.26 0.04875
0 0.499167 0.151875 0.271667 0.03375
0 0.190833 0.250625 0.275 0.03375
0 0.173333 0.533125 0.246667 0.03375
0 0.815 0.1925 0.276667 0.0325
0 0.5 0.246875 0.27 0.03625
0 0.8075 0.585 0.255 0.035
0 0.185 0.580625 0.28 0.03875
0 0.821667 0.535 0.29 0.035
0 0.1875 0.203125 0.255 0.03375
0 0.495833 0.5325 0.261667 0.035
0 0.193333 0.1575 0.28 0.035
0 0.495 0.485625 0.26 0.03625
0 0.175 0.485 0.25 0.0325
0 0.815833 0.485625 0.275 0.03875
0 0.49 0.198125 0.246667 0.03625
0 0.49 0.34125 0.25 0.035
0 0.814167 0.33875 0.271667 0.035
0 0.194167 0.29625 0.278333 0.035
0 0.18 0.436875 0.256667 0.03125
0 0.815 0.144375 0.28 0.03875
0 0.4975 0.4375 0.261667 0.0325
0 0.819167 0.435 0.281667 0.035
0 0.185833 0.343125 0.261667 0.03375
0 0.505833 0.295625 0.285 0.04125
0 0.505 0.58125 0.28 0.0375
0 0.814167 0.24 0.278333 0.0325
0 0.8125 0.385625 0.265 0.03125
0 0.494167 0.39 0.255 0.035
0 0.816667 0.289375 0.273333 0.03375
0 0.191667 0.39125 0.29 0.0375
