0 0.8275 0.261875 0.278333 0.05625
0 0.204167 0.250625 0.268333 0.03375
0 0.820833 0.92 0.298333 0.06
0 0.5125 0.19875 0.268333 0.035
0 0.206667 0.1575 0.26 0.0325
0 0.205 0.205625 0.263333 0.03375
0 0.510833 0.150625 0.258333 0.03375
0 0.510833 0.246875 0.275 0.03875
0 0.196667 0.295625 0.273333 0.03625
0 0.180833 0.530625 0.278333 0.03375
0 0.500833 0.4875 0.278333 0.0375
0 0.181667 0.48375 0.273333 0.0375
0 0.493333 0.534375 0.27 0.03625
0 0.175 0.583125 0.276667 0.03875
0 0.828333 0.490625 0.293333 0.04125
0 0.508333 0.295625 0.286667 0.03625
0 0.504167 0.440625 0.285 0.03875
0 0.186667 0.43625 0.273333 0.0325
0 0.828333 0.14375 0.283333 0.0325
0 0.505 0.39125 0.276667 0.0375
0 0.825833 0.438125 0.285 0.03875
0 0.823333 0.288125 0.286667 0.03625
0 0.5075 0.341875 0.281667 0.03625
0 0.193333 0.344375 0.273333 0.03625
0 0.1925 0.38875 0.285 0.0325
0 0.825833 0.335625 0.291667 0.03625
0 0.494167 0.585 0.265 0.035
0 0.824167 0.386875 0.291667 0.03625
0 0.829167 0.594375 0.305 0.04125
0 0.826667 0.19125 0.293333 0.035
0 0.825833 0.239375 0.295 0.03375
0 0.826667 0.540625 0.303333 0.03625
