0 0.505 0.933125 0.313333 0.05125
0 0.820833 0.96 0.345 0.065
0 0.146667 0.46375 0.23 0.035
0 0.148333 0.41375 0.233333 0.0375
0 0.148333 0.364375 0.233333 0.03875
0 0.1475 0.5125 0.231667 0.04
0 0.814167 0.569375 0.245 0.03875
0 0.825833 0.204375 0.271667 0.03625
0 0.806667 0.460625 0.233333 0.04125
0 0.821667 0.410625 0.263333 0.03875
0 0.156667 0.216875 0.243333 0.03625
0 0.820833 0.516875 0.258333 0.03875
0 0.155833 0.26625 0.245 0.0375
0 0.498333 0.363125 0.276667 0.03875
0 0.1625 0.31625 0.258333 0.0375
0 0.493333 0.415625 0.263333 0.03875
0 0.501667 0.566875 0.273333 0.03625
0 0.490833 0.214375 0.258333 0.03875
0 0.83 0.35875 0.283333 0.0375
0 0.158333 0.565 0.253333 0.0375
0 0.501667 0.61625 0.276667 0.0375
0 0.151667 0.168125 0.24 0.03875
0 0.491667 0.164375 0.26 0.03875
0 0.819167 0.156875 0.258333 0.03125
0 0.825833 0.3075 0.275 0.0375
0 0.8225 0.255625 0.258333 0.03625
0 0.505 0.515625 0.283333 0.03625
0 0.495833 0.314375 0.271667 0.03375
0 0.494167 0.46625 0.261667 0.0375
0 0.159167 0.618125 0.265 0.03875
0 0.835833 0.62125 0.285 0.0375
0 0.499167 0.265625 0.275 0.03375
