0 0.828333 0.483125 0.296667 0.06375
0 0.49 0.1975 0.286667 0.06
0 0.8 0.17125 0.276667 0.0325
0 0.810833 0.311875 0.278333 0.03625
0 0.1375 0.166875 0.238333 0.03875
0 0.150833 0.215625 0.265 0.03125
0 0.489167 0.55875 0.271667 0.0375
0 0.1525 0.310625 0.271667 0.03625
0 0.1525 0.359375 0.271667 0.03375
0 0.4875 0.611875 0.268333 0.03875
0 0.160833 0.56125 0.281667 0.04
0 0.489167 0.265 0.285 0.035
0 0.485833 0.17 0.275 0.0325
0 0.815 0.36 0.28 0.0325
0 0.163333 0.615 0.293333 0.04
0 0.489167 0.36125 0.271667 0.035
0 0.1575 0.51 0.281667 0.04
0 0.15 0.2625 0.263333 0.0325
0 0.4875 0.50875 0.271667 0.035
0 0.81 0.265 0.283333 0.035
0 0.824167 0.458125 0.295 0.03375
0 0.485 0.45875 0.266667 0.035
0 0.16 0.46 0.283333 0.035
0 0.485 0.3125 0.266667 0.0325
0 0.158333 0.410625 0.283333 0.03875
0 0.486667 0.409375 0.266667 0.03375
0 0.819167 0.40875 0.285 0.035
0 0.8 0.216875 0.27 0.03625
0 0.825833 0.50625 0.291667 0.0375
0 0.491667 0.219375 0.296667 0.03625
0 0.830833 0.555625 0.298333 0.03625
0 0.831667 0.6075 0.3 0.04
